"","benev","chom","depedu","depsoc","devel","pib","pvap","pvav","trvpv"
"benev",1,-0.41,0.28,0.58,0.62,0.56,-0.71,0.02,-0.63
"chom",-0.41,1,-0.28,-0.19,-0.56,-0.55,0.32,-0.07,0.46
"depedu",0.28,-0.28,1,0.34,0.23,-0.05,-0.36,0.5,-0.45
"depsoc",0.58,-0.19,0.34,1,0.7,0.36,-0.5,0.14,-0.23
"devel",0.62,-0.56,0.23,0.7,1,0.69,-0.3,0.23,-0.35
"pib",0.56,-0.55,-0.05,0.36,0.69,1,-0.32,0.02,-0.18
"pvap",-0.71,0.32,-0.36,-0.5,-0.3,-0.32,1,0.16,0.66
"pvav",0.02,-0.07,0.5,0.14,0.23,0.02,0.16,1,-0.09
"trvpv",-0.63,0.46,-0.45,-0.23,-0.35,-0.18,0.66,-0.09,1
